0.48
0.29
0.99
0.98
0.98
0.99
0.94
0.89
0.72
0.56
0.68
0.49
0.05
0.16
0.95
0.42
0.53
0.96
0.99
0.52
0.93
0.94
0.94
0.34
0.94
0.7
1.0
0.29
1.0
1.0
1.0
0.58
0.71
0.36
0.76
0.98
0.35
0.22
0.44
0.59
1.0
0.84
0.89
0.68
1.0
1.0
0.09
0.93
0.79
1.0
0.87
0.75
0.71
0.58
0.66
0.98
0.75
0.65
0.9
1.0
1.0
0.8
0.38
0.9
0.72
0.87
0.61
0.02
0.09
0.95
0.75
1.0
0.6
0.12
0.64
0.93
0.85
0.97
0.39
0.03
0.92
0.65
0.58
0.97
0.9
0.38
0.99
0.79
0.63
0.58
1.0
0.99
1.0
1.0
0.83
0.01
1.0
0.91
1.0
1.0
0.55
0.43
0.42
0.98
0.28
0.72
0.73
0.73
0.47
0.62
0.97
0.28
0.89
0.44
0.49
0.33
0.71
0.62
1.0
0.56
0.57
0.74
0.98
0.6
1.0
0.53
0.64
0.94
0.66
0.99
0.96
0.73
0.61
0.43
0.77
0.5
1.0
0.57
0.57
0.74
0.51
0.58
0.65
1.0
0.09
0.62
1.0
0.33
0.02
0.99
0.85
0.68
0.64
0.5
0.68
0.51
0.88
1.0
0.11
0.72
0.15
1.0
0.51
0.65
0.79
0.57
0.79
0.99
0.63
0.67
0.7
0.47
1.0
1.0
0.75
0.79
1.0
0.77
0.04
1.0
0.6
0.97
0.68
0.92
1.0
0.63
0.15
0.51
0.97
0.56
0.11
0.67
0.63
0.65
0.71
0.06
0.75
0.91
1.0
0.88
0.6
0.7
0.83
0.61
1.0
0.77
0.65
0.46
0.73
0.71
0.51
0.53
1.0
1.0
0.58
0.82
0.51
1.0
0.84
0.51
0.31
1.0
0.83
1.0
0.5
0.36
0.64
0.64
0.49
0.77
0.7
0.99
0.81
0.63
0.7
0.22
0.8
1.0
1.0
0.52
0.1
0.05
0.13
0.79
0.48
0.7
0.51
1.0
0.58
0.02
0.68
0.66
0.88
0.98
0.62
0.54
0.15
1.0
0.71
0.71
1.0
0.99
0.84
0.54
0.32
0.73
0.99
0.0
0.49
0.75
0.72
0.67
0.56
0.63
0.58
0.63
0.99
0.33
0.02
0.77
0.71
1.0
0.86
0.43
0.99
1.0
1.0
0.82
0.66
0.62
0.67
0.7
0.95
0.19
0.6
0.24
1.0
0.99
0.63
0.72
0.77
0.63
0.78
0.08
0.62
0.0
0.52
0.48
0.61
0.07
1.0
1.0
1.0
0.99
1.0
0.71
0.82
0.62
0.81
0.3
0.59
0.49
0.52
0.09
0.6
0.93
0.48
0.91
0.85
0.81
0.66
0.33
0.66
0.96
0.43
0.04
0.81
0.7
0.88
0.48
0.72
0.88
1.0
1.0
1.0
0.97
0.98
0.66
1.0
0.18
1.0
0.89
1.0
0.22
0.72
0.39
1.0
0.98
0.67
0.64
0.61
0.49
0.67
1.0
0.82
0.78
0.14
0.71
0.12
0.39
0.65
1.0
0.9
1.0
0.4
0.67
0.1
0.57
0.98
0.88
0.85
0.58
0.14
1.0
0.83
0.74
0.38
0.62
0.67
0.62
1.0
0.58
0.96
0.52
0.76
0.64
0.11
1.0
0.96
0.99
0.58
1.0
0.02
0.72
0.95
0.13
1.0
0.66
0.62
0.6
0.43
0.04
0.54
0.6
0.52
0.29
0.91
0.01
0.94
0.74
0.03
0.59
0.73
0.21
0.41
0.38
0.64
0.87
0.91
0.99
0.17
0.59
0.76
0.69
0.6
0.48
0.65
1.0
0.54
0.82
0.49
0.69
0.35
0.52
0.99
0.8
0.96
0.5
0.55
0.99
0.55
0.96
0.32
0.52
1.0
0.49
0.61
1.0
0.57
0.99
0.09
0.75
0.33
0.86
0.64
0.7
0.63
0.64
0.78
1.0
0.97
0.95
0.59
1.0
0.62
0.79
0.01
0.97
0.08
1.0
0.09
0.68
0.67
0.73
0.98
0.72
1.0
0.99
0.46
0.76
0.46
0.01
1.0
0.01
0.78
0.94
0.42
0.59
0.21
0.49
0.38
0.79
0.85
0.83
0.75
0.13
0.55
0.57
0.63
1.0
1.0
1.0
0.57
0.91
0.87
0.39
0.17
0.83
0.1
0.58
0.95
0.64
1.0
0.74
0.85
0.69
0.05
1.0
0.86
1.0
0.99
0.67
0.32
0.73
0.58
0.8
0.59
0.83
0.99
0.52
0.31
0.24
0.67
0.93
1.0
1.0
1.0
0.76
1.0
0.81
0.36
0.38
0.94
0.4
0.06
0.46
0.67
0.32
0.98
0.74
0.99
0.98
0.67
0.99
0.65
0.98
0.73
0.63
0.88
0.66
0.76
1.0
1.0
1.0
0.2
0.64
0.98
0.92
0.86
0.5
0.58
1.0
0.53
0.02
0.88
0.55
1.0
0.47
1.0
0.62
0.63
0.97
0.45
0.99
0.98
1.0
0.27
1.0
0.75
0.59
0.57
0.25
0.43
0.73
0.71
0.65
0.86
0.76
0.82
1.0
0.71
0.73
0.94
0.56
0.57
1.0
0.93
1.0
0.7
1.0
0.87
1.0
0.75
0.62
0.63
0.18
0.61
0.57
0.52
0.87
0.99
0.47
0.99
0.41
0.77
0.44
0.99
1.0
1.0
0.79
0.21
0.99
0.68
0.56
0.53
0.57
0.71
0.74
0.05
0.74
1.0
0.94
0.49
0.86
0.13
0.82
0.87
0.55
0.55
0.94
1.0
0.56
0.85
0.73
0.02
0.46
0.69
0.53
0.51
0.99
0.36
0.65
0.06
0.97
0.77
1.0
0.86
0.96
0.95
0.55
0.09
0.64
0.64
0.62
0.61
0.99
0.68
0.99
1.0
0.87
0.24
0.28
0.22
1.0
0.73
0.46
0.64
0.54
0.44
0.69
0.9
0.67
0.08
0.61
0.7
0.38
0.3
0.63
0.8
0.71
1.0
0.81
0.64
0.07
0.65
1.0
0.64
0.08
1.0
1.0
0.74
0.99
0.65
1.0
0.69
1.0
0.71
0.83
0.11
0.66
0.96
0.9
0.51
0.33
0.3
0.71
0.62
0.98
0.88
0.93
0.43
0.06
0.7
0.12
0.94
0.82
0.51
0.63
0.92
1.0
0.57
0.68
0.98
0.98
1.0
0.1
0.29
0.58
1.0
0.56
0.53
0.86
0.43
1.0
1.0
0.36
0.7
0.76
0.91
0.45
0.54
0.55
0.53
0.98
0.99
1.0
0.0
0.87
0.89
0.74
0.98
0.95
0.43
0.66
0.29
0.8
0.71
0.73
0.51
0.75
0.01
1.0
0.65
0.45
0.69
0.64
0.65
0.95
0.7
0.67
0.85
0.51
0.44
0.61
0.01
0.68
1.0
0.84
0.63
0.8
0.58
0.83
0.72
1.0
0.69
0.72
0.03
0.97
0.57
0.84
0.96
0.61
1.0
0.18
0.68
0.88
0.69
0.43
0.14
0.61
1.0
0.55
0.44
0.6
0.02
1.0
0.99
0.63
0.76
0.72
0.37
0.54
0.57
0.63
0.58
0.88
0.14
0.63
0.32
0.94
0.83
0.97
0.39
0.47
0.84
1.0
0.62
0.52
0.61
0.77
0.58
0.67
0.47
0.89
0.72
0.85
0.46
1.0
1.0
1.0
0.64
0.78
0.74
0.72
0.32
1.0
0.39
0.82
0.52
0.87
0.46
0.64
1.0
0.99
0.06
0.74
0.06
0.22
0.59
0.69
1.0
0.69
0.47
1.0
0.58
1.0
0.99
0.94
1.0
0.48
0.89
0.2
0.51
0.99
0.68
0.99
0.16
0.99
0.97
0.66
0.61
0.68
1.0
0.61
0.94
1.0
0.69
1.0
0.59
0.68
0.7
1.0
1.0
0.94
0.15
1.0
0.99
0.42
0.65
0.16
0.74
0.62
1.0
0.54
0.11
0.52
0.57
1.0
0.04
0.01
0.61
0.97
0.06
0.3
1.0
0.32
1.0
0.54
0.77
0.45
0.04
0.53
0.59
1.0
1.0
1.0
0.96
0.41
1.0
1.0
0.99
0.2
0.67
0.72
0.62
1.0
0.07
0.07
1.0
0.65
0.82
0.64
0.98
0.76
0.4
1.0
0.98
0.54
0.34
0.57
0.78
0.87
1.0
0.7
0.56
0.97
0.17
0.99
0.57
0.28
0.59
0.12
0.52
0.78
0.15
1.0
0.87
0.99
0.9
0.39
